// Export filename: `C:/Documents and Settings/Happy User/Pulpit/animacja bossa.XANIM_EXPORT`
// Source filename: `C:/Documents and Settings/Happy User/Pulpit/animka bossqa.mb`
// Export time: Fri Jul 15 18:07:38 2011

ANIMATION
VERSION 3

NUMPARTS 119
PART 0 "TAG_REFLECTOR_ARM_LE"
PART 1 "TAG_REFLECTOR_ARM_RI"
PART 2 "TAG_SYNC"
PART 3 "J_CoatRear_LE"
PART 4 "J_CoatRear_RI"
PART 5 "J_CoatFront_RI"
PART 6 "J_CoatFront_LE"
PART 7 "J_Shorts_Lift_RI"
PART 8 "J_Shorts_RI"
PART 9 "J_HipTwist_RI"
PART 10 "J_KneeBuldgeLow_RI"
PART 11 "J_KneeBuldgeUp_RI"
PART 12 "J_Knee_Bulge_RI"
PART 13 "J_Ball_RI"
PART 14 "J_Ankle_RI"
PART 15 "J_Knee_RI"
PART 16 "J_Hip_RI"
PART 17 "J_Shorts_Lift_LE"
PART 18 "J_Shorts_LE"
PART 19 "J_HipTwist_LE"
PART 20 "J_KneeBuldgeUp_LE"
PART 21 "J_KneeBuldgeLow_LE"
PART 22 "J_Knee_Bulge_LE"
PART 23 "J_Ball_LE"
PART 24 "J_Ankle_LE"
PART 25 "J_Knee_LE"
PART 26 "J_Hip_LE"
PART 27 "TAG_BIPOD"
PART 28 "TAG_INHAND"
PART 29 "J_Collar_Front"
PART 30 "J_Collar"
PART 31 "J_Elbow_Bulge_RI"
PART 32 "J_ShoulderTwist_RI"
PART 33 "J_Gun"
PART 34 "TAG_WEAPON_RIGHT"
PART 35 "J_Pinky_RI_3"
PART 36 "J_Pinky_RI_2"
PART 37 "J_Pinky_RI_1"
PART 38 "J_Ring_RI_3"
PART 39 "J_Ring_RI_2"
PART 40 "J_Ring_RI_1"
PART 41 "J_Mid_RI_3"
PART 42 "J_Mid_RI_2"
PART 43 "J_Mid_RI_1"
PART 44 "J_Index_RI_3"
PART 45 "J_Index_RI_2"
PART 46 "J_Index_RI_1"
PART 47 "J_Thumb_RI_3"
PART 48 "J_Thumb_RI_2"
PART 49 "J_Thumb_RI_1"
PART 50 "J_Wrist_RI"
PART 51 "J_WristTwist_RI"
PART 52 "J_Elbow_RI"
PART 53 "J_Shoulder_RI"
PART 54 "J_Clavicle_RI"
PART 55 "joint2"
PART 56 "joint1"
PART 57 "J_Elbow_Bulge_LE"
PART 58 "J_ShoulderTwist_LE"
PART 59 "TAG_WEAPON_LEFT"
PART 60 "J_Pinky_LE_3"
PART 61 "J_Pinky_LE_2"
PART 62 "J_Pinky_LE_1"
PART 63 "J_Ring_LE_3"
PART 64 "J_Ring_LE_2"
PART 65 "J_Ring_LE_1"
PART 66 "J_Mid_LE_3"
PART 67 "J_Mid_LE_2"
PART 68 "J_Mid_LE_1"
PART 69 "J_Index_LE_3"
PART 70 "J_Index_LE_2"
PART 71 "J_Index_LE_1"
PART 72 "J_Thumb_LE_3"
PART 73 "J_Thumb_LE_2"
PART 74 "J_Thumb_LE_1"
PART 75 "J_Wrist_LE"
PART 76 "J_WristTwist_LE"
PART 77 "J_Elbow_LE"
PART 78 "J_Shoulder_LE"
PART 79 "J_Clavicle_LE"
PART 80 "TAG_WEAPON_CHEST"
PART 81 "J_ShoulderRaise_LE"
PART 82 "J_ShoulderRaise_RI"
PART 83 "J_GasMask_Front"
PART 84 "J_GasMask_RI"
PART 85 "J_GasMask_LE"
PART 86 "J_NVG_END"
PART 87 "J_NVG"
PART 88 "J_EyeBall_LE"
PART 89 "A_Ponytail"
PART 90 "J_EyeBall_RI"
PART 91 "J_Eye_Lid_Top_RI"
PART 92 "J_Eye_Lid_Bot_RI"
PART 93 "J_Eye_Lid_Bot_LE"
PART 94 "J_Eye_Lid_Top_LE"
PART 95 "J_Brow_RI"
PART 96 "J_Brow_LE"
PART 97 "J_Mouth_RI"
PART 98 "J_Levator_LE"
PART 99 "J_Levator_RI"
PART 100 "J_Cheek_RI"
PART 101 "J_Cheek_LE"
PART 102 "J_Lip_Top_RI"
PART 103 "J_Lip_Top_LE"
PART 104 "J_Mouth_LE"
PART 105 "J_Lip_Bot_RI"
PART 106 "J_Lip_Bot_LE"
PART 107 "J_Chin_SkinRoll"
PART 108 "J_Jaw"
PART 109 "J_Helmet"
PART 110 "J_Head_END"
PART 111 "TAG_EYE"
PART 112 "J_Head"
PART 113 "J_Neck"
PART 114 "J_Spine4"
PART 115 "J_SpineUpper"
PART 116 "J_SpineLower"
PART 117 "J_MainRoot"
PART 118 "TAG_ORIGIN"

FRAMERATE 30
NUMFRAMES 141

FRAME 0
PART 0
OFFSET 9.9581 -0.0515 57.5369
SCALE 1 1 1
X 0.4245 -0.1541 0.8922
Y 0.0501 0.9879 0.1468
Z -0.9040 -0.0176 0.4271

PART 1
OFFSET -9.9274 -0.0397 57.5690
SCALE 1 1 1
X -0.4932 -0.0914 0.8651
Y -0.0127 -0.9936 -0.1122
Z 0.8698 -0.0663 0.4889

PART 2
OFFSET 0.0000 -2.2200 0.0000
SCALE 1 1 1
X 0.0000 1.0000 -0.0000
Y -1.0000 0.0000 0.0000
Z 0.0000 0.0000 1.0000

PART 3
OFFSET 4.8003 4.9438 40.7696
SCALE 1 1 1
X -0.0000 0.0725 -0.9974
Y 0.0027 -0.9974 -0.0725
Z -1.0000 -0.0026 -0.0002

PART 4
OFFSET -4.1810 4.9438 40.7695
SCALE 1 1 1
X 0.0000 -0.0725 0.9974
Y 0.0027 0.9974 0.0725
Z -1.0000 0.0026 0.0002

PART 5
OFFSET -4.1810 -3.8573 39.5251
SCALE 1 1 1
X 0.0000 -0.0725 0.9974
Y 0.0027 0.9974 0.0725
Z -1.0000 0.0026 0.0002

PART 6
OFFSET 4.8003 -3.8573 39.5251
SCALE 1 1 1
X -0.0000 0.0725 -0.9974
Y 0.0027 -0.9974 -0.0725
Z -1.0000 -0.0026 -0.0002

PART 7
OFFSET -4.7927 5.6697 22.5923
SCALE 1 1 1
X -0.0089 -0.0337 0.9994
Y -0.0049 0.9994 0.0337
Z -0.9999 -0.0046 -0.0091

PART 8
OFFSET -4.7747 1.5551 27.0119
SCALE 1 1 1
X -0.0089 -0.0337 0.9994
Y -0.0049 0.9994 0.0337
Z -0.9999 -0.0046 -0.0091

PART 9
OFFSET -4.8385 1.3247 34.0803
SCALE 1 1 1
X -0.0089 -0.0337 0.9994
Y -0.0049 0.9994 0.0337
Z -0.9999 -0.0046 -0.0091

PART 10
OFFSET -4.6749 -0.4685 17.0073
SCALE 1 1 1
X -0.0082 0.1671 -0.9859
Y -0.0060 -0.9859 -0.1670
Z -0.9999 0.0046 0.0091

PART 11
OFFSET -4.7190 -1.2554 22.2494
SCALE 1 1 1
X -0.0082 0.1671 -0.9859
Y -0.0060 -0.9859 -0.1670
Z -0.9999 0.0046 0.0091

PART 12
OFFSET -4.6903 -0.0690 19.7636
SCALE 1 1 1
X 0.0000 -0.0299 -0.9996
Y -0.0000 0.9996 -0.0299
Z 1.0000 0.0000 0.0000

PART 13
OFFSET -4.7478 -1.2367 0.3274
SCALE 1 1 1
X 0.0163 0.9831 -0.1822
Y -0.0029 -0.1822 -0.9833
Z -0.9999 0.0166 -0.0001

PART 14
OFFSET -4.5856 4.3430 4.7739
SCALE 1 1 1
X -0.0000 0.0087 1.0000
Y 0.0166 0.9998 -0.0087
Z -0.9999 0.0166 -0.0001

PART 15
OFFSET -4.7100 1.8092 19.7259
SCALE 1 1 1
X -0.0082 -0.1671 0.9859
Y -0.0060 0.9859 0.1670
Z -0.9999 -0.0046 -0.0091

PART 16
OFFSET -4.8667 1.2185 37.2280
SCALE 1 1 1
X -0.0089 -0.0337 0.9994
Y -0.0049 0.9994 0.0337
Z -0.9999 -0.0046 -0.0091

PART 17
OFFSET 4.7579 5.6698 22.5922
SCALE 1 1 1
X -0.0089 -0.0337 0.9994
Y -0.0049 0.9994 0.0337
Z -0.9999 -0.0046 -0.0091

PART 18
OFFSET 4.7759 1.5551 27.0119
SCALE 1 1 1
X -0.0089 -0.0337 0.9994
Y -0.0049 0.9994 0.0337
Z -0.9999 -0.0046 -0.0091

PART 19
OFFSET 4.8385 1.3247 34.0803
SCALE 1 1 1
X -0.0089 0.0337 -0.9994
Y -0.0049 -0.9994 -0.0337
Z -0.9999 0.0046 0.0091

PART 20
OFFSET 4.7190 -1.2554 22.2494
SCALE 1 1 1
X -0.0082 0.1671 -0.9859
Y -0.0060 -0.9859 -0.1670
Z -0.9999 0.0046 0.0091

PART 21
OFFSET 4.6749 -0.4685 17.0073
SCALE 1 1 1
X -0.0082 0.1671 -0.9859
Y -0.0060 -0.9859 -0.1670
Z -0.9999 0.0046 0.0091

PART 22
OFFSET 4.7019 -0.0696 19.7671
SCALE 1 1 1
X 0.0000 0.0299 0.9996
Y -0.0000 -0.9996 0.0299
Z 1.0000 -0.0000 -0.0000

PART 23
OFFSET 4.7478 -1.2367 0.3274
SCALE 1 1 1
X 0.0163 -0.9831 0.1822
Y -0.0029 0.1822 0.9833
Z -0.9999 -0.0166 0.0001

PART 24
OFFSET 4.5855 4.3430 4.7739
SCALE 1 1 1
X -0.0000 -0.0087 -1.0000
Y 0.0166 -0.9998 0.0087
Z -0.9999 -0.0166 0.0001

PART 25
OFFSET 4.7101 1.8092 19.7259
SCALE 1 1 1
X -0.0082 0.1671 -0.9859
Y -0.0060 -0.9859 -0.1670
Z -0.9999 0.0046 0.0091

PART 26
OFFSET 4.8666 1.2185 37.2280
SCALE 1 1 1
X -0.0089 0.0337 -0.9994
Y -0.0049 -0.9994 -0.0337
Z -0.9999 0.0046 0.0091

PART 27
OFFSET -28.5200 -18.4242 31.3735
SCALE 1 1 1
X 0.0000 -1.0000 -0.0000
Y 1.0000 0.0000 0.0000
Z 0.0000 -0.0000 1.0000

PART 28
OFFSET -28.5201 -12.7129 38.9344
SCALE 1 1 1
X 1.0000 0.0000 -0.0000
Y -0.0000 -0.7643 -0.6449
Z 0.0000 0.6449 -0.7643

PART 29
OFFSET 0.0000 -3.3073 60.5516
SCALE 1 1 1
X -1.0000 0.0000 -0.0000
Y -0.0000 -0.9989 -0.0471
Z -0.0000 -0.0471 0.9989

PART 30
OFFSET 0.0000 3.8057 62.0235
SCALE 1 1 1
X 1.0000 0.0000 0.0000
Y 0.0000 1.0000 0.0000
Z 0.0000 0.0000 1.0000

PART 31
OFFSET -15.8470 -1.6309 48.6416
SCALE 1 1 1
X 0.2946 0.8460 0.4444
Y 0.6540 -0.5176 0.5517
Z 0.6968 0.1281 -0.7058

PART 32
OFFSET -8.0021 0.7832 56.5702
SCALE 1 1 1
X 0.6630 0.2606 0.7018
Y 0.2738 -0.9569 0.0967
Z 0.6968 0.1281 -0.7058

PART 33
OFFSET -28.5200 -12.7127 38.9340
SCALE 1 1 1
X -0.0000 -1.0000 -0.0000
Y 1.0000 -0.0000 0.0000
Z -0.0000 -0.0000 1.0000

PART 34
OFFSET -28.5200 -12.7127 38.9340
SCALE 1 1 1
X -0.0000 -1.0000 -0.0000
Y 0.9989 -0.0000 -0.0473
Z 0.0473 -0.0000 0.9989

PART 35
OFFSET -19.7841 -13.0986 40.1953
SCALE 1 1 1
X -0.8538 -0.3393 0.3950
Y 0.0054 -0.7643 -0.6449
Z 0.5206 -0.5484 0.6543

PART 36
OFFSET -20.2912 -13.0272 40.6588
SCALE 1 1 1
X -0.7343 0.1034 0.6709
Y -0.4356 -0.8298 -0.3489
Z 0.5206 -0.5484 0.6543

PART 37
OFFSET -20.4105 -12.1614 41.4792
SCALE 1 1 1
X -0.0995 0.7222 0.6845
Y -0.8480 -0.4215 0.3214
Z 0.5206 -0.5484 0.6543

PART 38
OFFSET -19.3963 -14.2269 40.3139
SCALE 1 1 1
X -0.8616 -0.1670 0.4794
Y -0.1740 -0.7900 -0.5879
Z 0.4769 -0.5899 0.6516

PART 39
OFFSET -20.1041 -14.1211 40.9276
SCALE 1 1 1
X -0.7507 0.1122 0.6511
Y -0.4572 -0.7996 -0.3893
Z 0.4769 -0.5899 0.6516

PART 40
OFFSET -20.1144 -12.8779 42.0611
SCALE 1 1 1
X -0.0062 0.7390 0.6736
Y -0.8789 -0.3253 0.3488
Z 0.4769 -0.5899 0.6516

PART 41
OFFSET -18.9477 -15.1398 40.8442
SCALE 1 1 1
X -0.8367 -0.2803 0.4704
Y -0.0717 -0.7956 -0.6016
Z 0.5429 -0.5371 0.6456

PART 42
OFFSET -19.7657 -15.0826 41.5796
SCALE 1 1 1
X -0.7426 0.0519 0.6677
Y -0.3921 -0.8419 -0.3707
Z 0.5429 -0.5371 0.6456

PART 43
OFFSET -19.6420 -13.6095 42.7013
SCALE 1 1 1
X 0.0667 0.7939 0.6044
Y -0.8371 -0.2851 0.4668
Z 0.5429 -0.5371 0.6456

PART 44
OFFSET -19.0376 -16.1364 42.1249
SCALE 1 1 1
X -0.5542 0.2452 0.7954
Y -0.4534 -0.8903 -0.0415
Z 0.6980 -0.3837 0.6046

PART 45
OFFSET -19.3347 -15.5495 42.8402
SCALE 1 1 1
X -0.3057 0.6039 0.7361
Y -0.6475 -0.6987 0.3042
Z 0.6980 -0.3837 0.6046

PART 46
OFFSET -18.9434 -14.1200 43.2958
SCALE 1 1 1
X 0.2524 0.9220 0.2937
Y -0.6701 -0.0524 0.7404
Z 0.6980 -0.3837 0.6046

PART 47
OFFSET -16.0153 -13.7919 42.9749
SCALE 1 1 1
X -0.1784 0.6768 0.7142
Y 0.9118 -0.1591 0.3785
Z 0.3699 0.7187 -0.5888

PART 48
OFFSET -16.6293 -12.9723 43.5899
SCALE 1 1 1
X -0.5139 0.6862 0.5148
Y 0.7740 0.1122 0.6232
Z 0.3699 0.7187 -0.5888

PART 49
OFFSET -18.4733 -11.5427 44.1769
SCALE 1 1 1
X -0.7665 0.5942 0.2439
Y 0.5251 0.3611 0.7706
Z 0.3699 0.7187 -0.5888

PART 50
OFFSET -18.5862 -10.4200 44.0887
SCALE 1 1 1
X 0.2988 0.7822 0.5467
Y -0.7925 -0.1157 0.5988
Z 0.5316 -0.6122 0.5854

PART 51
OFFSET -17.7542 -7.8976 45.4422
SCALE 1 1 1
X 0.2946 0.8460 0.4444
Y 0.6540 -0.5176 0.5517
Z 0.6968 0.1281 -0.7058

PART 52
OFFSET -15.7443 -1.8043 48.7116
SCALE 1 1 1
X 0.2946 0.8460 0.4444
Y 0.6540 -0.5176 0.5517
Z 0.6968 0.1281 -0.7058

PART 53
OFFSET -7.7260 0.8917 56.8624
SCALE 1 1 1
X 0.6630 0.2606 0.7018
Y 0.2738 -0.9569 0.0967
Z 0.6968 0.1281 -0.7058

PART 54
OFFSET -1.3559 1.0156 56.3999
SCALE 1 1 1
X 0.9972 0.0194 -0.0724
Y 0.0181 -0.9997 -0.0189
Z -0.0727 0.0176 -0.9972

PART 55
OFFSET -3.9370 0.4901 51.9685
SCALE 1 1 1
X 1.0000 0.0000 0.0000
Y 0.0000 -1.0000 0.0000
Z 0.0000 -0.0000 -1.0000

PART 56
OFFSET 3.9370 0.4901 51.9685
SCALE 1 1 1
X 1.0000 0.0000 0.0000
Y 0.0000 1.0000 0.0000
Z 0.0000 0.0000 1.0000

PART 57
OFFSET 15.8470 -1.6308 48.6419
SCALE 1 1 1
X 0.2946 -0.8460 -0.4444
Y 0.6540 0.5176 -0.5517
Z 0.6968 -0.1281 0.7058

PART 58
OFFSET 8.0327 0.7713 56.5380
SCALE 1 1 1
X 0.6630 -0.2606 -0.7018
Y 0.2738 0.9569 -0.0967
Z 0.6968 -0.1281 0.7058

PART 59
OFFSET -28.5201 -12.7128 38.9345
SCALE 1 1 1
X 0.0000 -1.0000 -0.0000
Y 1.0000 0.0000 0.0000
Z 0.0000 -0.0000 1.0000

PART 60
OFFSET 19.7841 -13.0986 40.1957
SCALE 1 1 1
X -0.8538 0.3393 -0.3950
Y 0.0054 0.7643 0.6449
Z 0.5206 0.5484 -0.6543

PART 61
OFFSET 20.2912 -13.0272 40.6591
SCALE 1 1 1
X -0.7343 -0.1034 -0.6709
Y -0.4356 0.8298 0.3489
Z 0.5206 0.5484 -0.6543

PART 62
OFFSET 20.4105 -12.1614 41.4796
SCALE 1 1 1
X -0.0995 -0.7222 -0.6845
Y -0.8480 0.4215 -0.3214
Z 0.5206 0.5484 -0.6543

PART 63
OFFSET 19.3963 -14.2269 40.3142
SCALE 1 1 1
X -0.8615 0.1670 -0.4794
Y -0.1740 0.7900 0.5879
Z 0.4769 0.5899 -0.6516

PART 64
OFFSET 20.1041 -14.1211 40.9282
SCALE 1 1 1
X -0.7507 -0.1122 -0.6511
Y -0.4572 0.7996 0.3893
Z 0.4769 0.5899 -0.6516

PART 65
OFFSET 20.1144 -12.8779 42.0614
SCALE 1 1 1
X -0.0062 -0.7390 -0.6736
Y -0.8789 0.3253 -0.3488
Z 0.4769 0.5899 -0.6516

PART 66
OFFSET 18.9477 -15.1398 40.8447
SCALE 1 1 1
X -0.8367 0.2803 -0.4705
Y -0.0717 0.7956 0.6016
Z 0.5429 0.5371 -0.6456

PART 67
OFFSET 19.7657 -15.0826 41.5802
SCALE 1 1 1
X -0.7426 -0.0519 -0.6677
Y -0.3921 0.8419 0.3707
Z 0.5429 0.5371 -0.6456

PART 68
OFFSET 19.6420 -13.6095 42.7016
SCALE 1 1 1
X 0.0667 -0.7939 -0.6044
Y -0.8371 0.2851 -0.4668
Z 0.5429 0.5371 -0.6456

PART 69
OFFSET 19.0376 -16.1365 42.1251
SCALE 1 1 1
X -0.5542 -0.2452 -0.7955
Y -0.4534 0.8903 0.0415
Z 0.6980 0.3837 -0.6046

PART 70
OFFSET 19.3347 -15.5495 42.8406
SCALE 1 1 1
X -0.3057 -0.6039 -0.7361
Y -0.6475 0.6987 -0.3043
Z 0.6980 0.3837 -0.6046

PART 71
OFFSET 18.9434 -14.1200 43.2960
SCALE 1 1 1
X 0.2524 -0.9220 -0.2937
Y -0.6701 0.0524 -0.7404
Z 0.6980 0.3837 -0.6046

PART 72
OFFSET 16.0153 -13.7919 42.9755
SCALE 1 1 1
X -0.1784 -0.6768 -0.7142
Y 0.9118 0.1591 -0.3785
Z 0.3699 -0.7187 0.5888

PART 73
OFFSET 16.6293 -12.9723 43.5904
SCALE 1 1 1
X -0.5139 -0.6862 -0.5148
Y 0.7740 -0.1122 -0.6232
Z 0.3699 -0.7187 0.5888

PART 74
OFFSET 18.4733 -11.5427 44.1772
SCALE 1 1 1
X -0.7665 -0.5942 -0.2439
Y 0.5251 -0.3611 -0.7706
Z 0.3699 -0.7187 0.5888

PART 75
OFFSET 18.5862 -10.4200 44.0890
SCALE 1 1 1
X 0.2988 -0.7822 -0.5467
Y -0.7925 0.1157 -0.5988
Z 0.5316 0.6122 -0.5854

PART 76
OFFSET 17.7540 -7.8976 45.4423
SCALE 1 1 1
X 0.2946 -0.8460 -0.4444
Y 0.6540 0.5176 -0.5517
Z 0.6968 -0.1281 0.7058

PART 77
OFFSET 15.7442 -1.8043 48.7118
SCALE 1 1 1
X 0.2946 -0.8460 -0.4444
Y 0.6540 0.5176 -0.5517
Z 0.6968 -0.1281 0.7058

PART 78
OFFSET 7.7259 0.8918 56.8627
SCALE 1 1 1
X 0.6630 -0.2606 -0.7018
Y 0.2738 0.9569 -0.0967
Z 0.6968 -0.1281 0.7058

PART 79
OFFSET 1.3558 1.0158 56.3998
SCALE 1 1 1
X 0.9972 -0.0194 0.0725
Y 0.0181 0.9997 0.0189
Z -0.0728 -0.0175 0.9972

PART 80
OFFSET -28.5201 -12.7129 38.9344
SCALE 1 1 1
X -0.0000 -1.0000 -0.0000
Y 1.0000 -0.0000 0.0000
Z 0.0000 -0.0000 1.0000

PART 81
OFFSET 4.0252 0.9209 58.8591
SCALE 1 1 1
X -0.9972 0.0194 -0.0724
Y -0.0181 -0.9997 -0.0189
Z -0.0728 -0.0175 0.9972

PART 82
OFFSET -4.0252 0.9209 58.8592
SCALE 1 1 1
X -0.9972 -0.0194 0.0724
Y -0.0181 0.9997 0.0189
Z -0.0728 0.0175 -0.9972

PART 83
OFFSET 0.0000 -4.6847 66.4703
SCALE 1 1 1
X 1.0000 0.0000 0.0000
Y 0.0000 1.0000 0.0000
Z 0.0000 0.0000 1.0000

PART 84
OFFSET -2.6024 -1.0450 63.1696
SCALE 1 1 1
X 1.0000 0.0000 0.0000
Y 0.0000 1.0000 0.0000
Z 0.0000 0.0000 1.0000

PART 85
OFFSET 2.6023 -1.0450 63.1696
SCALE 1 1 1
X 1.0000 0.0000 0.0000
Y 0.0000 -1.0000 0.0000
Z 0.0000 -0.0000 -1.0000

PART 86
OFFSET -0.0005 -5.8083 70.6170
SCALE 1 1 1
X -0.0000 0.2164 -0.9763
Y 0.0000 0.9763 0.2164
Z 1.0000 -0.0000 -0.0000

PART 87
OFFSET -0.0005 -6.6275 68.5978
SCALE 1 1 1
X -0.0000 -0.9763 -0.2164
Y -0.0000 0.2164 -0.9763
Z 1.0000 -0.0000 -0.0000

PART 88
OFFSET 1.2207 -3.9669 66.2510
SCALE 1 1 1
X 0.9781 0.2079 0.0000
Y -0.2079 0.9781 0.0000
Z 0.0000 0.0000 1.0000

PART 89
OFFSET -0.0000 4.4621 66.3598
SCALE 1 1 1
X -0.0000 0.2260 -0.9741
Y -0.0000 0.9741 0.2260
Z 1.0000 0.0000 -0.0000

PART 90
OFFSET -1.2207 -3.9668 66.2505
SCALE 1 1 1
X 0.9781 -0.2079 0.0000
Y -0.2079 -0.9781 0.0000
Z -0.0000 -0.0000 -1.0000

PART 91
OFFSET -1.3225 -3.9570 66.3068
SCALE 1 1 1
X 0.9970 -0.0647 -0.0416
Y -0.0649 -0.9979 -0.0031
Z -0.0413 0.0058 -0.9991

PART 92
OFFSET -1.3236 -3.9526 66.2238
SCALE 1 1 1
X 0.9970 -0.0647 -0.0416
Y -0.0649 -0.9979 -0.0031
Z -0.0413 0.0058 -0.9991

PART 93
OFFSET 1.3236 -3.9526 66.2237
SCALE 1 1 1
X 0.9970 0.0647 0.0416
Y -0.0649 0.9979 0.0031
Z -0.0413 -0.0058 0.9991

PART 94
OFFSET 1.3225 -3.9570 66.3067
SCALE 1 1 1
X 0.9970 0.0647 0.0416
Y -0.0649 0.9979 0.0031
Z -0.0413 -0.0058 0.9991

PART 95
OFFSET -1.3781 -5.3690 66.8613
SCALE 1 1 1
X 1.0000 0.0000 0.0000
Y 0.0000 -1.0000 0.0000
Z 0.0000 -0.0000 -1.0000

PART 96
OFFSET 1.3781 -5.3690 66.8613
SCALE 1 1 1
X 1.0000 0.0000 0.0000
Y 0.0000 1.0000 0.0000
Z 0.0000 0.0000 1.0000

PART 97
OFFSET -1.0343 -5.0474 63.2634
SCALE 1 1 1
X 1.0000 0.0000 0.0000
Y 0.0000 -1.0000 0.0000
Z 0.0000 -0.0000 -1.0000

PART 98
OFFSET 0.5227 -5.3905 65.0315
SCALE 1 1 1
X 1.0000 0.0000 0.0000
Y 0.0000 1.0000 0.0000
Z 0.0000 0.0000 1.0000

PART 99
OFFSET -0.4439 -5.3905 65.0316
SCALE 1 1 1
X 1.0000 0.0000 -0.0000
Y -0.0000 -1.0000 -0.0000
Z 0.0000 0.0000 -1.0000

PART 100
OFFSET -1.4997 -4.7984 65.1592
SCALE 1 1 1
X 1.0000 0.0000 0.0000
Y 0.0000 -1.0000 0.0000
Z 0.0000 -0.0000 -1.0000

PART 101
OFFSET 1.4996 -4.7984 65.1593
SCALE 1 1 1
X 1.0000 0.0000 0.0000
Y 0.0000 1.0000 0.0000
Z 0.0000 0.0000 1.0000

PART 102
OFFSET -0.4571 -5.5498 63.4629
SCALE 1 1 1
X 1.0000 0.0000 0.0000
Y 0.0000 -1.0000 0.0000
Z 0.0000 -0.0000 -1.0000

PART 103
OFFSET 0.4571 -5.5497 63.4631
SCALE 1 1 1
X 1.0000 0.0000 0.0000
Y 0.0000 1.0000 0.0000
Z 0.0000 0.0000 1.0000

PART 104
OFFSET 1.0343 -5.0474 63.2636
SCALE 1 1 1
X 1.0000 0.0000 0.0000
Y 0.0000 1.0000 0.0000
Z 0.0000 0.0000 1.0000

PART 105
OFFSET -0.4687 -5.4484 63.2274
SCALE 1 1 1
X 1.0000 0.0000 0.0000
Y 0.0000 -1.0000 0.0000
Z 0.0000 -0.0000 -1.0000

PART 106
OFFSET 0.4687 -5.4485 63.2275
SCALE 1 1 1
X 1.0000 0.0000 0.0000
Y 0.0000 1.0000 0.0000
Z 0.0000 0.0000 1.0000

PART 107
OFFSET -0.0000 -4.7069 61.6630
SCALE 1 1 1
X 1.0000 0.0000 0.0000
Y 0.0000 1.0000 0.0000
Z 0.0000 0.0000 1.0000

PART 108
OFFSET -0.0000 -1.4366 63.8120
SCALE 1 1 1
X 1.0000 0.0000 0.0000
Y 0.0000 1.0000 0.0000
Z 0.0000 0.0000 1.0000

PART 109
OFFSET -0.0005 -0.3620 71.2432
SCALE 1 1 1
X 0.0000 -0.9990 0.0436
Y 1.0000 0.0000 -0.0000
Z 0.0000 0.0436 0.9990

PART 110
OFFSET -0.0005 -1.3994 69.8079
SCALE 1 1 1
X 0.0000 -0.2164 0.9763
Y -0.0000 -0.9763 -0.2164
Z 1.0000 -0.0000 -0.0000

PART 111
OFFSET -0.0000 -4.3339 66.3225
SCALE 1 1 1
X 0.0000 -0.9397 0.3420
Y 1.0000 -0.0000 -0.0000
Z 0.0000 0.3420 0.9397

PART 112
OFFSET 0.0000 -0.3066 63.5210
SCALE 1 1 1
X 0.0000 -0.2164 0.9763
Y -0.0000 -0.9763 -0.2164
Z 1.0000 -0.0000 -0.0000

PART 113
OFFSET 0.0000 0.5043 60.5421
SCALE 1 1 1
X 0.0000 -0.3098 0.9508
Y -0.0000 -0.9508 -0.3098
Z 1.0000 -0.0000 -0.0000

PART 114
OFFSET 0.0000 1.0677 51.7578
SCALE 1 1 1
X -0.0000 -0.0471 0.9989
Y -0.0000 -0.9989 -0.0471
Z 1.0000 -0.0000 0.0000

PART 115
OFFSET 0.0000 1.1312 47.6513
SCALE 1 1 1
X -0.0000 -0.0204 0.9998
Y -0.0000 -0.9998 -0.0204
Z 1.0000 -0.0000 -0.0000

PART 116
OFFSET 0.0000 1.1487 42.4315
SCALE 1 1 1
X 0.0000 0.0299 0.9996
Y -0.0000 -0.9996 0.0299
Z 1.0000 -0.0000 -0.0000

PART 117
OFFSET 0.0000 1.2185 37.2280
SCALE 1 1 1
X 0.0000 0.0248 0.9997
Y -0.0000 -0.9997 0.0248
Z 1.0000 -0.0000 -0.0000

PART 118
OFFSET 0.0000 -2.2223 0.0000
SCALE 1 1 1
X -0.0000 -1.0000 -0.0000
Y 1.0000 -0.0000 0.0000
Z -0.0000 -0.0000 1.0000


FRAME 1
PART 0
OFFSET 9.9581 -0.0515 57.5369
SCALE 1 1 1
X 0.4245 -0.1541 0.8922
Y 0.0501 0.9879 0.1468
Z -0.9040 -0.0176 0.4271

PART 1
OFFSET -9.9274 -0.0397 57.5690
SCALE 1 1 1
X -0.4932 -0.0914 0.8651
Y -0.0127 -0.9936 -0.1122
Z 0.8698 -0.0663 0.4889

PART 2
OFFSET 0.0000 -2.2200 0.0000
SCALE 1 1 1
X 0.0000 1.0000 -0.0000
Y -1.0000 0.0000 0.0000
Z 0.0000 0.0000 1.0000

PART 3
OFFSET 4.8003 4.9438 40.7696
SCALE 1 1 1
X -0.0000 0.0725 -0.9974
Y 0.0027 -0.9974 -0.0725
Z -1.0000 -0.0026 -0.0002

PART 4
OFFSET -4.1810 4.9438 40.7695
SCALE 1 1 1
X 0.0000 -0.0725 0.9974
Y 0.0027 0.9974 0.0725
Z -1.0000 0.0026 0.0002

PART 5
OFFSET -4.1810 -3.8573 39.5251
SCALE 1 1 1
X 0.0000 -0.0725 0.9974
Y 0.0027 0.9974 0.0725
Z -1.0000 0.0026 0.0002

PART 6
OFFSET 4.8003 -3.8573 39.5251
SCALE 1 1 1
X -0.0000 0.0725 -0.9974
Y 0.0027 -0.9974 -0.0725
Z -1.0000 -0.0026 -0.0002

PART 7
OFFSET -4.7927 5.6697 22.5923
SCALE 1 1 1
X -0.0089 -0.0337 0.9994
Y -0.0049 0.9994 0.0337
Z -0.9999 -0.0046 -0.0091

PART 8
OFFSET -4.7747 1.5551 27.0119
SCALE 1 1 1
X -0.0089 -0.0337 0.9994
Y -0.0049 0.9994 0.0337
Z -0.9999 -0.0046 -0.0091

PART 9
OFFSET -4.8385 1.3247 34.0803
SCALE 1 1 1
X -0.0089 -0.0337 0.9994
Y -0.0049 0.9994 0.0337
Z -0.9999 -0.0046 -0.0091

PART 10
OFFSET -4.6749 -0.4685 17.0073
SCALE 1 1 1
X -0.0082 0.1671 -0.9859
Y -0.0060 -0.9859 -0.1670
Z -0.9999 0.0046 0.0091

PART 11
OFFSET -4.7190 -1.2554 22.2494
SCALE 1 1 1
X -0.0082 0.1671 -0.9859
Y -0.0060 -0.9859 -0.1670
Z -0.9999 0.0046 0.0091

PART 12
OFFSET -4.6903 -0.0690 19.7636
SCALE 1 1 1
X 0.0000 -0.0299 -0.9996
Y -0.0000 0.9996 -0.0299
Z 1.0000 0.0000 0.0000

PART 13
OFFSET -4.7478 -1.2367 0.3274
SCALE 1 1 1
X 0.0163 0.9831 -0.1822
Y -0.0029 -0.1822 -0.9833
Z -0.9999 0.0166 -0.0001

PART 14
OFFSET -4.5856 4.3430 4.7739
SCALE 1 1 1
X -0.0000 0.0087 1.0000
Y 0.0166 0.9998 -0.0087
Z -0.9999 0.0166 -0.0001

PART 15
OFFSET -4.7100 1.8092 19.7259
SCALE 1 1 1
X -0.0082 -0.1671 0.9859
Y -0.0060 0.9859 0.1670
Z -0.9999 -0.0046 -0.0091

PART 16
OFFSET -4.8667 1.2185 37.2280
SCALE 1 1 1
X -0.0089 -0.0337 0.9994
Y -0.0049 0.9994 0.0337
Z -0.9999 -0.0046 -0.0091

PART 17
OFFSET 4.7579 5.6698 22.5922
SCALE 1 1 1
X -0.0089 -0.0337 0.9994
Y -0.0049 0.9994 0.0337
Z -0.9999 -0.0046 -0.0091

PART 18
OFFSET 4.7759 1.5551 27.0119
SCALE 1 1 1
X -0.0089 -0.0337 0.9994
Y -0.0049 0.9994 0.0337
Z -0.9999 -0.0046 -0.0091

PART 19
OFFSET 4.8385 1.3247 34.0803
SCALE 1 1 1
X -0.0089 0.0337 -0.9994
Y -0.0049 -0.9994 -0.0337
Z -0.9999 0.0046 0.0091

PART 20
OFFSET 4.7190 -1.2554 22.2494
SCALE 1 1 1
X -0.0082 0.1671 -0.9859
Y -0.0060 -0.9859 -0.1670
Z -0.9999 0.0046 0.0091

PART 21
OFFSET 4.6749 -0.4685 17.0073
SCALE 1 1 1
X -0.0082 0.1671 -0.9859
Y -0.0060 -0.9859 -0.1670
Z -0.9999 0.0046 0.0091

PART 22
OFFSET 4.7019 -0.0696 19.7671
SCALE 1 1 1
X 0.0000 0.0299 0.9996
Y -0.0000 -0.9996 0.0299
Z 1.0000 -0.0000 -0.0000

PART 23
OFFSET 4.7478 -1.2367 0.3274
SCALE 1 1 1
X 0.0163 -0.9831 0.1822
Y -0.0029 0.1822 0.9833
Z -0.9999 -0.0166 0.0001

PART 24
OFFSET 4.5855 4.3430 4.7739
SCALE 1 1 1
X -0.0000 -0.0087 -1.0000
Y 0.0166 -0.9998 0.0087
Z -0.9999 -0.0166 0.0001

PART 25
OFFSET 4.7101 1.8092 19.7259
SCALE 1 1 1
X -0.0082 0.1671 -0.9859
Y -0.0060 -0.9859 -0.1670
Z -0.9999 0.0046 0.0091

PART 26
OFFSET 4.8666 1.2185 37.2280
SCALE 1 1 1
X -0.0089 0.0337 -0.9994
Y -0.0049 -0.9994 -0.0337
Z -0.9999 0.0046 0.0091

PART 27
OFFSET -28.5200 -18.4242 31.3735
SCALE 1 1 1
X 0.0000 -1.0000 -0.0000
Y 1.0000 0.0000 0.0000
Z 0.0000 -0.0000 1.0000

PART 28
OFFSET -28.5201 -12.7129 38.9344
SCALE 1 1 1
X 1.0000 0.0000 -0.0000
Y -0.0000 -0.7643 -0.6449
Z 0.0000 0.6449 -0.7643

PART 29
OFFSET 0.0000 -3.3073 60.5516
SCALE 1 1 1
X -1.0000 0.0000 -0.0000
Y -0.0000 -0.9989 -0.0471
Z -0.0000 -0.0471 0.9989

PART 30
OFFSET 0.0000 3.8057 62.0235
SCALE 1 1 1
X 1.0000 0.0000 0.0000
Y 0.0000 1.0000 0.0000
Z 0.0000 0.0000 1.0000

PART 31
OFFSET -15.8470 -1.6309 48.6416
SCALE 1 1 1
X 0.2946 0.8460 0.4444
Y 0.6540 -0.5176 0.5517
Z 0.6968 0.1281 -0.7058

PART 32
OFFSET -8.0021 0.7832 56.5702
SCALE 1 1 1
X 0.6630 0.2606 0.7018
Y 0.2738 -0.9569 0.0967
Z 0.6968 0.1281 -0.7058

PART 33
OFFSET -28.5200 -12.7127 38.9340
SCALE 1 1 1
X -0.0000 -1.0000 -0.0000
Y 1.0000 -0.0000 0.0000
Z -0.0000 -0.0000 1.0000

PART 34
OFFSET -28.5200 -12.7127 38.9340
SCALE 1 1 1
X -0.0000 -1.0000 -0.0000
Y 0.9989 -0.0000 -0.0473
Z 0.0473 -0.0000 0.9989

PART 35
OFFSET -19.7841 -13.0986 40.1953
SCALE 1 1 1
X -0.8538 -0.3393 0.3950
Y 0.0054 -0.7643 -0.6449
Z 0.5206 -0.5484 0.6543

PART 36
OFFSET -20.2912 -13.0272 40.6588
SCALE 1 1 1
X -0.7343 0.1034 0.6709
Y -0.4356 -0.8298 -0.3489
Z 0.5206 -0.5484 0.6543

PART 37
OFFSET -20.4105 -12.1614 41.4792
SCALE 1 1 1
X -0.0995 0.7222 0.6845
Y -0.8480 -0.4215 0.3214
Z 0.5206 -0.5484 0.6543

PART 38
OFFSET -19.3963 -14.2269 40.3139
SCALE 1 1 1
X -0.8616 -0.1670 0.4794
Y -0.1740 -0.7900 -0.5879
Z 0.4769 -0.5899 0.6516

PART 39
OFFSET -20.1041 -14.1211 40.9276
SCALE 1 1 1
X -0.7507 0.1122 0.6511
Y -0.4572 -0.7996 -0.3893
Z 0.4769 -0.5899 0.6516

PART 40
OFFSET -20.1144 -12.8779 42.0611
SCALE 1 1 1
X -0.0062 0.7390 0.6736
Y -0.8789 -0.3253 0.3488
Z 0.4769 -0.5899 0.6516

PART 41
OFFSET -18.9477 -15.1398 40.8442
SCALE 1 1 1
X -0.8367 -0.2803 0.4704
Y -0.0717 -0.7956 -0.6016
Z 0.5429 -0.5371 0.6456

PART 42
OFFSET -19.7657 -15.0826 41.5796
SCALE 1 1 1
X -0.7426 0.0519 0.6677
Y -0.3921 -0.8419 -0.3707
Z 0.5429 -0.5371 0.6456

PART 43
OFFSET -19.6420 -13.6095 42.7013
SCALE 1 1 1
X 0.0667 0.7939 0.6044
Y -0.8371 -0.2851 0.4668
Z 0.5429 -0.5371 0.6456

PART 44
OFFSET -19.0376 -16.1364 42.1249
SCALE 1 1 1
X -0.5542 0.2452 0.7954
Y -0.4534 -0.8903 -0.0415
Z 0.6980 -0.3837 0.6046

PART 45
OFFSET -19.3347 -15.5495 42.8402
SCALE 1 1 1
X -0.3057 0.6039 0.7361
Y -0.6475 -0.6987 0.3042
Z 0.6980 -0.3837 0.6046

PART 46
OFFSET -18.9434 -14.1200 43.2958
SCALE 1 1 1
X 0.2524 0.9220 0.2937
Y -0.6701 -0.0524 0.7404
Z 0.6980 -0.3837 0.6046

PART 47
OFFSET -16.0153 -13.7919 42.9749
SCALE 1 1 1
X -0.1784 0.6768 0.7142
Y 0.9118 -0.1591 0.3785
Z 0.3699 0.7187 -0.5888

PART 48
OFFSET -16.6293 -12.9723 43.5899
SCALE 1 1 1
X -0.5139 0.6862 0.5148
Y 0.7740 0.1122 0.6232
Z 0.3699 0.7187 -0.5888

PART 49
OFFSET -18.4733 -11.5427 44.1769
SCALE 1 1 1
X -0.7665 0.5942 0.2439
Y 0.5251 0.3611 0.7706
Z 0.3699 0.7187 -0.5888

PART 50
OFFSET -18.5862 -10.4200 44.0887
SCALE 1 1 1
X 0.2988 0.7822 0.5467
Y -0.7925 -0.1157 0.5988
Z 0.5316 -0.6122 0.5854

PART 51
OFFSET -17.7542 -7.8976 45.4422
SCALE 1 1 1
X 0.2946 0.8460 0.4444
Y 0.6540 -0.5176 0.5517
Z 0.6968 0.1281 -0.7058

PART 52
OFFSET -15.7443 -1.8043 48.7116
SCALE 1 1 1
X 0.2946 0.8460 0.4444
Y 0.6540 -0.5176 0.5517
Z 0.6968 0.1281 -0.7058

PART 53
OFFSET -7.7260 0.8917 56.8624
SCALE 1 1 1
X 0.6630 0.2606 0.7018
Y 0.2738 -0.9569 0.0967
Z 0.6968 0.1281 -0.7058

PART 54
OFFSET -1.3559 1.0156 56.3999
SCALE 1 1 1
X 0.9972 0.0194 -0.0724
Y 0.0181 -0.9997 -0.0189
Z -0.0727 0.0176 -0.9972

PART 55
OFFSET -3.9370 0.4901 51.9685
SCALE 1 1 1
X 1.0000 0.0000 0.0000
Y 0.0000 -1.0000 0.0000
Z 0.0000 -0.0000 -1.0000

PART 56
OFFSET 3.9370 0.4901 51.9685
SCALE 1 1 1
X 1.0000 0.0000 0.0000
Y 0.0000 1.0000 0.0000
Z 0.0000 0.0000 1.0000

PART 57
OFFSET 15.8470 -1.6308 48.6419
SCALE 1 1 1
X 0.2946 -0.8460 -0.4444
Y 0.6540 0.5176 -0.5517
Z 0.6968 -0.1281 0.7058

PART 58
OFFSET 8.0327 0.7713 56.5380
SCALE 1 1 1
X 0.6630 -0.2606 -0.7018
Y 0.2738 0.9569 -0.0967
Z 0.6968 -0.1281 0.7058

PART 59
OFFSET -28.5201 -12.7128 38.9345
SCALE 1 1 1
X 0.0000 -1.0000 -0.0000
Y 1.0000 0.0000 0.0000
Z 0.0000 -0.0000 1.0000

PART 60
OFFSET 19.7841 -13.0986 40.1957
SCALE 1 1 1
X -0.8538 0.3393 -0.3950
Y 0.0054 0.7643 0.6449
Z 0.5206 0.5484 -0.6543

PART 61
OFFSET 20.2912 -13.0272 40.6591
SCALE 1 1 1
X -0.7343 -0.1034 -0.6709
Y -0.4356 0.8298 0.3489
Z 0.5206 0.5484 -0.6543

PART 62
OFFSET 20.4105 -12.1614 41.4796
SCALE 1 1 1
X -0.0995 -0.7222 -0.6845
Y -0.8480 0.4215 -0.3214
Z 0.5206 0.5484 -0.6543

PART 63
OFFSET 19.3963 -14.2269 40.3142
SCALE 1 1 1
X -0.8615 0.1670 -0.4794
Y -0.1740 0.7900 0.5879
Z 0.4769 0.5899 -0.6516

PART 64
OFFSET 20.1041 -14.1211 40.9282
SCALE 1 1 1
X -0.7507 -0.1122 -0.6511
Y -0.4572 0.7996 0.3893
Z 0.4769 0.5899 -0.6516

PART 65
OFFSET 20.1144 -12.8779 42.0614
SCALE 1 1 1
X -0.0062 -0.7390 -0.6736
Y -0.8789 0.3253 -0.3488
Z 0.4769 0.5899 -0.6516

PART 66
OFFSET 18.9477 -15.1398 40.8447
SCALE 1 1 1
X -0.8367 0.2803 -0.4705
Y -0.0717 0.7956 0.6016
Z 0.5429 0.5371 -0.6456

PART 67
OFFSET 19.7657 -15.0826 41.5802
SCALE 1 1 1
X -0.7426 -0.0519 -0.6677
Y -0.3921 0.8419 0.3707
Z 0.5429 0.5371 -0.6456

PART 68
OFFSET 19.6420 -13.6095 42.7016
SCALE 1 1 1
X 0.0667 -0.7939 -0.6044
Y -0.8371 0.2851 -0.4668
Z 0.5429 0.5371 -0.6456

PART 69
OFFSET 19.0376 -16.1365 42.1251
SCALE 1 1 1
X -0.5542 -0.2452 -0.7955
Y -0.4534 0.8903 0.0415
Z 0.6980 0.3837 -0.6046

PART 70
OFFSET 19.3347 -15.5495 42.8406
SCALE 1 1 1
X -0.3057 -0.6039 -0.7361
Y -0.6475 0.6987 -0.3043
Z 0.6980 0.3837 -0.6046

PART 71
OFFSET 18.9434 -14.1200 43.2960
SCALE 1 1 1
X 0.2524 -0.9220 -0.2937
Y -0.6701 0.0524 -0.7404
Z 0.6980 0.3837 -0.6046

PART 72
OFFSET 16.0153 -13.7919 42.9755
SCALE 1 1 1
X -0.1784 -0.6768 -0.7142
Y 0.9118 0.1591 -0.3785
Z 0.3699 -0.7187 0.5888

PART 73
OFFSET 16.6293 -12.9723 43.5904
SCALE 1 1 1
X -0.5139 -0.6862 -0.5148
Y 0.7740 -0.1122 -0.6232
Z 0.3699 -0.7187 0.5888

PART 74
OFFSET 18.4733 -11.5427 44.1772
SCALE 1 1 1
X -0.7665 -0.5942 -0.2439
Y 0.5251 -0.3611 -0.7706
Z 0.3699 -0.7187 0.5888

PART 75
OFFSET 18.5862 -10.4200 44.0890
SCALE 1 1 1
X 0.2988 -0.7822 -0.5467
Y -0.7925 0.1157 -0.5988
Z 0.5316 0.6122 -0.5854

PART 76
OFFSET 17.7540 -7.8976 45.4423
SCALE 1 1 1
X 0.2946 -0.8460 -0.4444
Y 0.6540 0.5176 -0.5517
Z 0.6968 -0.1281 0.7058

PART 77
OFFSET 15.7442 -1.8043 48.7118
SCALE 1 1 1
X 0.2946 -0.8460 -0.4444
Y 0.6540 0.5176 -0.5517
Z 0.6968 -0.1281 0.7058

PART 78
OFFSET 7.7259 0.8918 56.8627
SCALE 1 1 1
X 0.6630 -0.2606 -0.7018
Y 0.2738 0.9569 -0.0967
Z 0.6968 -0.1281 0.7058

PART 79
OFFSET 1.3558 1.0158 56.3998
SCALE 1 1 1
X 0.9972 -0.0194 0.0725
Y 0.0181 0.9997 0.0189
Z -0.0728 -0.0175 0.9972

PART 80
OFFSET -28.5201 -12.7129 38.9344
SCALE 1 1 1
X -0.0000 -1.0000 -0.0000
Y 1.0000 -0.0000 0.0000
Z 0.0000 -0.0000 1.0000

PART 81
OFFSET 4.0252 0.9209 58.8591
SCALE 1 1 1
X -0.9972 0.0194 -0.0724
Y -0.0181 -0.9997 -0.0189
Z -0.0728 -0.0175 0.9972

PART 82
OFFSET -4.0252 0.9209 58.8592
SCALE 1 1 1
X -0.9972 -0.0194 0.0724
Y -0.0181 0.9997 0.0189
Z -0.0728 0.0175 -0.9972

PART 83
OFFSET 0.0000 -4.6847 66.4703
SCALE 1 1 1
X 1.0000 0.0000 0.0000
Y 0.0000 1.0000 0.0000
Z 0.0000 0.0000 1.0000

PART 84
OFFSET -2.6024 -1.0450 63.1696
SCALE 1 1 1
X 1.0000 0.0000 0.0000
Y 0.0000 1.0000 0.0000
Z 0.0000 0.0000 1.0000

PART 85
OFFSET 2.6023 -1.0450 63.1696
SCALE 1 1 1
X 1.0000 0.0000 0.0000
Y 0.0000 -1.0000 0.0000
Z 0.0000 -0.0000 -1.0000

PART 86
OFFSET -0.0005 -5.8083 70.6170
SCALE 1 1 1
X -0.0000 0.2164 -0.9763
Y 0.0000 0.9763 0.2164
Z 1.0000 -0.0000 -0.0000

PART 87
OFFSET -0.0005 -6.6275 68.5978
SCALE 1 1 1
X -0.0000 -0.9763 -0.2164
Y -0.0000 0.2164 -0.9763
Z 1.0000 -0.0000 -0.0000

PART 88
OFFSET 1.2207 -3.9669 66.2510
SCALE 1 1 1
X 0.9781 0.2079 0.0000
Y -0.2079 0.9781 0.0000
Z 0.0000 0.0000 1.0000

PART 89
OFFSET -0.0000 4.4621 66.3598
SCALE 1 1 1
X -0.0000 0.2260 -0.9741
Y -0.0000 0.9741 0.2260
Z 1.0000 0.0000 -0.0000

PART 90
OFFSET -1.2207 -3.9668 66.2505
SCALE 1 1 1
X 0.9781 -0.2079 0.0000
Y -0.2079 -0.9781 0.0000
Z -0.0000 -0.0000 -1.0000

PART 91
OFFSET -1.3225 -3.9570 66.3068
SCALE 1 1 1
X 0.9970 -0.0647 -0.0416
Y -0.0649 -0.9979 -0.0031
Z -0.0413 0.0058 -0.9991

PART 92
OFFSET -1.3236 -3.9526 66.2238
SCALE 1 1 1
X 0.9970 -0.0647 -0.0416
Y -0.0649 -0.9979 -0.0031
Z -0.0413 0.0058 -0.9991

PART 93
OFFSET 1.3236 -3.9526 66.2237
SCALE 1 1 1
X 0.9970 0.0647 0.0416
Y -0.0649 0.9979 0.0031
Z -0.0413 -0.0058 0.9991

PART 94
OFFSET 1.3225 -3.9570 66.3067
SCALE 1 1 1
X 0.9970 0.0647 0.0416
Y -0.0649 0.9979 0.0031
Z -0.0413 -0.0058 0.9991

PART 95
OFFSET -1.3781 -5.3690 66.8613
SCALE 1 1 1
X 1.0000 0.0000 0.0000
Y 0.0000 -1.0000 0.0000
Z 0.0000 -0.0000 -1.0000

PART 96
OFFSET 1.3781 -5.3690 66.8613
SCALE 1 1 1
X 1.0000 0.0000 0.0000
Y 0.0000 1.0000 0.0000
Z 0.0000 0.0000 1.0000

PART 97
OFFSET -1.0343 -5.0474 63.2634
SCALE 1 1 1
X 1.0000 0.0000 0.0000
Y 0.0000 -1.0000 0.0000
Z 0.0000 -0.0000 -1.0000

PART 98
OFFSET 0.5227 -5.3905 65.0315
SCALE 1 1 1
X 1.0000 0.0000 0.0000
Y 0.0000 1.0000 0.0000
Z 0.0000 0.0000 1.0000

PART 99
OFFSET -0.4439 -5.3905 65.0316
SCALE 1 1 1
X 1.0000 0.0000 -0.0000
Y -0.0000 -1.0000 -0.0000
Z 0.0000 0.0000 -1.0000

PART 100
OFFSET -1.4997 -4.7984 65.1592
SCALE 1 1 1
X 1.0000 0.0000 0.0000
Y 0.0000 -1.0000 0.0000
Z 0.0000 -0.0000 -1.0000

PART 101
OFFSET 1.4996 -4.7984 65.1593
SCALE 1 1 1
X 1.0000 0.0000 0.0000
Y 0.0000 1.0000 0.0000
Z 0.0000 0.0000 1.0000

PART 102
OFFSET -0.4571 -5.5498 63.4629
SCALE 1 1 1
X 1.0000 0.0000 0.0000
Y 0.0000 -1.0000 0.0000
Z 0.0000 -0.0000 -1.0000

PART 103
OFFSET 0.4571 -5.5497 63.4631
SCALE 1 1 1
X 1.0000 0.0000 0.0000
Y 0.0000 1.0000 0.0000
Z 0.0000 0.0000 1.0000

PART 104
OFFSET 1.0343 -5.0474 63.2636
SCALE 1 1 1
X 1.0000 0.0000 0.0000
Y 0.0000 1.0000 0.0000
Z 0.0000 0.0000 1.0000

PART 105
OFFSET -0.4687 -5.4484 63.2274
SCALE 1 1 1
X 1.0000 0.0000 0.0000
Y 0.0000 -1.0000 0.0000
Z 0.0000 -0.0000 -1.0000

PART 106
OFFSET 0.4687 -5.4485 63.2275
SCALE 1 1 1
X 1.0000 0.0000 0.0000
Y 0.0000 1.0000 0.0000
Z 0.0000 0.0000 1.0000

PART 107
OFFSET -0.0000 -4.7069 61.6630
SCALE 1 1 1
X 1.0000 0.0000 0.0000
Y 0.0000 1.0000 0.0000
Z 0.0000 0.0000 1.0000

PART 108
OFFSET -0.0000 -1.4366 63.8120
SCALE 1 1 1
X 1.0000 0.0000 0.0000
Y 0.0000 1.0000 0.0000
Z 0.0000 0.0000 1.0000

PART 109
OFFSET -0.0005 -0.3620 71.2432
SCALE 1 1 1
X 0.0000 -0.9990 0.0436
Y 1.0000 0.0000 -0.0000
Z 0.0000 0.0436 0.9990

PART 110
OFFSET -0.0005 -1.3994 69.8079
SCALE 1 1 1
X 0.0000 -0.2164 0.9763
Y -0.0000 -0.9763 -0.2164
Z 1.0000 -0.0000 -0.0000

PART 111
OFFSET -0.0000 -4.3339 66.3225
SCALE 1 1 1
X 0.0000 -0.9397 0.3420
Y 1.0000 -0.0000 -0.0000
Z 0.0000 0.3420 0.9397

PART 112
OFFSET 0.0000 -0.3066 63.5210
SCALE 1 1 1
X 0.0000 -0.2164 0.9763
Y -0.0000 -0.9763 -0.2164
Z 1.0000 -0.0000 -0.0000

PART 113
OFFSET 0.0000 0.5043 60.5421
SCALE 1 1 1
X 0.0000 -0.3098 0.9508
Y -0.0000 -0.9508 -0.3098
Z 1.0000 -0.0000 -0.0000

PART 114
OFFSET 0.0000 1.0677 51.7578
SCALE 1 1 1
X -0.0000 -0.0471 0.9989
Y -0.0000 -0.9989 -0.0471
Z 1.0000 -0.0000 0.0000

PART 115
OFFSET 0.0000 1.1312 47.6513
SCALE 1 1 1
X -0.0000 -0.0204 0.9998
Y -0.0000 -0.9998 -0.0204
Z 1.0000 -0.0000 -0.0000

PART 116
OFFSET 0.0000 1.1487 42.4315
SCALE 1 1 1
X 0.0000 0.0299 0.9996
Y -0.0000 -0.9996 0.0299
Z 1.0000 -0.0000 -0.0000

PART 117
OFFSET 0.0000 1.2185 37.2280
SCALE 1 1 1
X 0.0000 0.0248 0.9997
Y -0.0000 -0.9997 0.0248
Z 1.0000 -0.0000 -0.0000

PART 118
OFFSET 0.0000 -2.2223 0.0000
SCALE 1 1 1
X -0.0000 -1.0000 -0.0000
Y 1.0000 -0.0000 0.0000
Z -0.0000 -0.0000 1.0000


FRAME 2
PART 0
OFFSET 9.9373 -0.1567 56.9434
SCALE 1 1 1
X 0.4165 -0.1594 0.8950
Y 0.0665 0.9872 0.1449
Z -0.9067 -0.0008 0.4218

PART 1
OFFSET -9.9078 -0.1433 56.9732
SCALE 1 1 1
X -0.4871 -0.0983 0.8678
Y 0.0034 -0.9939 -0.1107
Z 0.8734 -0.0510 0.4844

PART 2
OFFSET 0.0000 -2.2200 0.0000
SCALE 1 1 1
X 0.0000 1.0000 -0.0000
Y -1.0000 0.0000 0.0000
Z 0.0000 0.0000 1.0000

PART 3
OFFSET 4.8003 4.9901 40.1900
SCALE 1 1 1
X 0.0007 0.0359 -0.9994
Y 0.0026 -0.9994 -0.0359
Z -1.0000 -0.0026 -0.0007

PART 4
OFFSET -4.1810 4.9901 40.1900
SCALE 1 1 1
X 0.0011 -0.0353 0.9994
Y 0.0026 0.9994 0.0353
Z -1.0000 0.0026 0.0012

PART 5
OFFSET -4.1810 -3.7788 38.9027
SCALE 1 1 1
X 0.0035 -0.0655 0.9978
Y -0.0099 0.9978 0.0655
Z -0.9999 -0.0101 0.0028

PART 6
OFFSET 4.8003 -3.7666 38.9115
SCALE 1 1 1
X 0.0042 0.0652 -0.9979
Y -0.0102 -0.9978 -0.0652
Z -0.9999 0.0105 -0.0035

PART 7
OFFSET -4.7774 3.8279 21.5365
SCALE 1 1 1
X -0.0097 0.0947 0.9955
Y -0.0037 0.9955 -0.0947
Z -0.9999 -0.0045 -0.0093

PART 8
OFFSET -4.7712 1.3385 26.3497
SCALE 1 1 1
X -0.0094 0.0195 0.9998
Y -0.0043 0.9998 -0.0195
Z -0.9999 -0.0045 -0.0093

PART 9
OFFSET -4.8362 0.9917 33.4867
SCALE 1 1 1
X -0.0097 0.0947 0.9955
Y -0.0036 0.9955 -0.0947
Z -0.9999 -0.0045 -0.0093

PART 10
OFFSET -4.6699 -2.1403 17.0697
SCALE 1 1 1
X -0.0094 0.2201 -0.9754
Y -0.0040 -0.9755 -0.2201
Z -0.9999 0.0018 0.0101

PART 11
OFFSET -4.7055 -3.1495 21.4120
SCALE 1 1 1
X -0.0100 0.0430 -0.9990
Y -0.0022 -0.9991 -0.0430
Z -0.9999 0.0018 0.0101

PART 12
OFFSET -4.6768 -2.0270 19.0060
SCALE 1 1 1
X -0.0004 0.0219 -0.9998
Y -0.0014 0.9998 0.0219
Z 1.0000 0.0014 -0.0004

PART 13
OFFSET -4.7471 -0.8330 -0.1365
SCALE 1 1 1
X 0.0148 0.9952 -0.0969
Y -0.0040 -0.0968 -0.9953
Z -0.9999 0.0152 0.0026

PART 14
OFFSET -4.5856 4.3430 4.7740
SCALE 1 1 1
X 0.0014 -0.0775 0.9970
Y 0.0153 0.9969 0.0774
Z -0.9999 0.0152 0.0026

PART 15
OFFSET -4.6976 -0.3683 19.1888
SCALE 1 1 1
X -0.0074 -0.3107 0.9505
Y -0.0072 0.9505 0.3106
Z -0.9999 -0.0046 -0.0093

PART 16
OFFSET -4.8667 1.2900 36.6220
SCALE 1 1 1
X -0.0097 0.0947 0.9955
Y -0.0037 0.9955 -0.0947
Z -0.9999 -0.0045 -0.0093

PART 17
OFFSET 4.7426 3.8280 21.5365
SCALE 1 1 1
X -0.0082 0.0947 0.9955
Y -0.0061 0.9955 -0.0947
Z -0.9999 -0.0068 -0.0076

PART 18
OFFSET 4.7724 1.3379 26.3497
SCALE 1 1 1
X -0.0077 0.0194 0.9998
Y -0.0067 0.9998 -0.0195
Z -0.9999 -0.0069 -0.0076

PART 19
OFFSET 4.8362 0.9917 33.4867
SCALE 1 1 1
X -0.0097 -0.0947 -0.9955
Y -0.0036 -0.9955 0.0947
Z -0.9999 0.0045 0.0093

PART 20
OFFSET 4.7056 -3.1495 21.4120
SCALE 1 1 1
X -0.0091 0.0431 -0.9990
Y -0.0049 -0.9991 -0.0430
Z -0.9999 0.0045 0.0093

PART 21
OFFSET 4.6699 -2.1403 17.0696
SCALE 1 1 1
X -0.0080 0.2201 -0.9754
Y -0.0065 -0.9755 -0.2201
Z -0.9999 0.0045 0.0093

PART 22
OFFSET 4.6884 -2.0265 19.0064
SCALE 1 1 1
X -0.0004 -0.0218 0.9998
Y -0.0014 -0.9998 -0.0218
Z 1.0000 -0.0014 0.0004

PART 23
OFFSET 4.7471 -0.8330 -0.1365
SCALE 1 1 1
X 0.0148 -0.9952 0.0969
Y -0.0040 0.0968 0.9953
Z -0.9999 -0.0152 -0.0026

PART 24
OFFSET 4.5855 4.3430 4.7740
SCALE 1 1 1
X 0.0014 0.0775 -0.9970
Y 0.0153 -0.9969 -0.0774
Z -0.9999 -0.0152 -0.0026

PART 25
OFFSET 4.6976 -0.3683 19.1888
SCALE 1 1 1
X -0.0074 0.3107 -0.9505
Y -0.0072 -0.9505 -0.3106
Z -0.9999 0.0045 0.0093

PART 26
OFFSET 4.8666 1.2900 36.6220
SCALE 1 1 1
X -0.0097 -0.0947 -0.9955
Y -0.0037 -0.9955 0.0947
Z -0.9999 0.0045 0.0093

PART 27
OFFSET -28.5200 -18.3106 30.6283
SCALE 1 1 1
X 0.0000 -1.0000 -0.0071
Y 1.0000 0.0000 0.0000
Z 0.0000 -0.0071 1.0000

PART 28
OFFSET -28.5201 -12.6532 38.2295
SCALE 1 1 1
X 1.0000 0.0000 -0.0000
Y -0.0000 -0.7597 -0.6503
Z 0.0000 0.6503 -0.7597

PART 29
OFFSET 0.0000 -3.4012 59.9130
SCALE 1 1 1
X -1.0000 0.0000 -0.0000
Y -0.0000 -0.9985 -0.0542
Z -0.0000 -0.0542 0.9985

PART 30
OFFSET 0.0000 3.7011 61.4353
SCALE 1 1 1
X 1.0000 0.0000 0.0000
Y 0.0000 1.0000 0.0071
Z 0.0000 -0.0071 1.0000

PART 31
OFFSET -15.8582 -1.8530 48.0736
SCALE 1 1 1
X 0.2792 0.8508 0.4452
Y 0.6692 -0.5049 0.5452
Z 0.6886 0.1457 -0.7103

PART 32
OFFSET -8.0018 0.7102 55.9631
SCALE 1 1 1
X 0.6622 0.2728 0.6979
Y 0.2903 -0.9520 0.0966
Z 0.6908 0.1386 -0.7096

PART 33
OFFSET -28.1591 -13.3676 38.4107
SCALE 1 1 1
X 0.0388 -0.9992 -0.0053
Y 0.9992 0.0388 -0.0074
Z 0.0076 -0.0051 1.0000

PART 34
OFFSET -28.1591 -13.3676 38.4107
SCALE 1 1 1
X 0.0388 -0.9992 -0.0053
Y 0.9977 0.0390 -0.0547
Z 0.0549 -0.0032 0.9985

PART 35
OFFSET -19.4055 -13.4202 39.6053
SCALE 1 1 1
X -0.8369 -0.3742 0.3994
Y 0.0301 -0.7602 -0.6490
Z 0.5465 -0.5311 0.6475

PART 36
OFFSET -19.9114 -13.3709 40.0728
SCALE 1 1 1
X -0.7326 0.0714 0.6769
Y -0.4057 -0.8443 -0.3501
Z 0.5465 -0.5311 0.6475

PART 37
OFFSET -20.0579 -12.5146 40.8987
SCALE 1 1 1
X -0.1223 0.7143 0.6891
Y -0.8285 -0.4557 0.3254
Z 0.5465 -0.5311 0.6475

PART 38
OFFSET -18.9732 -14.5332 39.7149
SCALE 1 1 1
X -0.8508 -0.2028 0.4849
Y -0.1477 -0.7932 -0.5908
Z 0.5044 -0.5742 0.6449

PART 39
OFFSET -19.6799 -14.4580 40.3344
SCALE 1 1 1
X -0.7495 0.0797 0.6572
Y -0.4288 -0.8148 -0.3902
Z 0.5044 -0.5742 0.6449

PART 40
OFFSET -19.7299 -13.2219 41.4746
SCALE 1 1 1
X -0.0297 0.7348 0.6776
Y -0.8630 -0.3609 0.3536
Z 0.5044 -0.5742 0.6449

PART 41
OFFSET -18.4855 -15.4307 40.2370
SCALE 1 1 1
X -0.8216 -0.3150 0.4751
Y -0.0453 -0.7947 -0.6053
Z 0.5682 -0.5188 0.6387

PART 42
OFFSET -19.2995 -15.4090 40.9787
SCALE 1 1 1
X -0.7390 0.0196 0.6734
Y -0.3620 -0.8546 -0.3722
Z 0.5682 -0.5188 0.6387

PART 43
OFFSET -19.2246 -13.9379 42.1073
SCALE 1 1 1
X 0.0404 0.7928 0.6081
Y -0.8219 -0.3197 0.4715
Z 0.5682 -0.5188 0.6387

PART 44
OFFSET -18.5270 -16.4365 41.5130
SCALE 1 1 1
X -0.5572 0.2195 0.8008
Y -0.4189 -0.9070 -0.0429
Z 0.7170 -0.3593 0.5974

PART 45
OFFSET -18.8412 -15.8651 42.2336
SCALE 1 1 1
X -0.3233 0.5878 0.7416
Y -0.6176 -0.7248 0.3053
Z 0.7170 -0.3593 0.5974

PART 46
OFFSET -18.5022 -14.4238 42.6939
SCALE 1 1 1
X 0.2186 0.9296 0.2968
Y -0.6619 -0.0822 0.7450
Z 0.7170 -0.3593 0.5974

PART 47
OFFSET -15.6068 -13.9832 42.3412
SCALE 1 1 1
X -0.1840 0.6636 0.7251
Y 0.9233 -0.1364 0.3591
Z 0.3372 0.7355 -0.5876

PART 48
OFFSET -16.2322 -13.1885 42.9770
SCALE 1 1 1
X -0.5236 0.6653 0.5323
Y 0.7824 0.1282 0.6094
Z 0.3372 0.7355 -0.5876

PART 49
OFFSET -18.1258 -11.8347 43.5853
SCALE 1 1 1
X -0.7871 0.5627 0.2527
Y 0.5165 0.3773 0.7687
Z 0.3372 0.7355 -0.5876

PART 50
OFFSET -18.2829 -10.7168 43.5039
SCALE 1 1 1
X 0.2724 0.7905 0.5486
Y -0.7829 -0.1494 0.6040
Z 0.5594 -0.5940 0.5781

PART 51
OFFSET -17.5391 -8.1708 44.8646
SCALE 1 1 1
X 0.2650 0.8546 0.4467
Y 0.6778 -0.4946 0.5441
Z 0.6859 0.1586 -0.7102

PART 52
OFFSET -15.7424 -2.0206 48.1515
SCALE 1 1 1
X 0.2650 0.8546 0.4467
Y 0.6778 -0.4946 0.5441
Z 0.6859 0.1586 -0.7102

PART 53
OFFSET -7.7260 0.8238 56.2537
SCALE 1 1 1
X 0.6622 0.2728 0.6979
Y 0.2954 -0.9510 0.0914
Z 0.6886 0.1457 -0.7103

PART 54
OFFSET -1.3559 0.9510 55.7920
SCALE 1 1 1
X 0.9972 0.0199 -0.0723
Y 0.0181 -0.9995 -0.0260
Z -0.0727 0.0246 -0.9970

PART 55
OFFSET -3.9370 0.4569 51.3570
SCALE 1 1 1
X 1.0000 0.0000 -0.0000
Y -0.0000 -1.0000 -0.0071
Z 0.0000 0.0071 -1.0000

PART 56
OFFSET 3.9370 0.4569 51.3570
SCALE 1 1 1
X 1.0000 0.0000 0.0000
Y 0.0000 1.0000 0.0071
Z 0.0000 -0.0071 1.0000

PART 57
OFFSET 15.8602 -1.8651 48.0814
